gj876_example_fuv_lightcurve.ecsv
# %ECSV 0.9
# ---
# datatype:
# - {name: t0, datatype: float64}
# - {name: t1, datatype: float64}
# - {name: t, datatype: float64}
# - {name: f, datatype: float64}
# - {name: e, datatype: float64}
# schema: astropy-2.0
t0 t1 t f e
[from data line 2070]
110563426.40572624 110563431.40794025 110563428.90683325 1.9315048125907364e-14 9.50411837457934e-15
110563431.40794025 110563436.41015428 110563433.90904728 4.258188214349849e-14 1.064530889787802e-14
110563436.41015428 110563441.4123683 110563438.91126129 4.1059087638974756e-14 9.665145038783892e-15
110563441.4123683 110563446.41458233 110563443.9134753 3.359050748643258e-14 1.0563012236773698e-14
110563446.41458233 110563451.41679634 110563448.91568933 4.0992210429807264e-14 9.60582405618774e-15
110563451.41679634 110563456.41901037 110563453.91790336 4.205783730333709e-14 1.0555848042372352e-14
110563456.41901037 110563461.42122439 110563458.92011738 4.649147332596994e-14 1.04162210959e-14
110563461.42122439 110563466.42343841 110563463.9223314 3.431593227534086e-14 9.529680019760676e-15
110563466.42343841 110563471.42565243 110563468.92454542 3.537947484857939e-14 9.482053535164958e-15
110563471.42565243 110563476.42786646 110563473.92675945 4.2619096266193745e-14 1.0050927664578169e-14
110563476.42786646 110563481.43008047 110563478.92897347 2.849009888843287e-14 9.303680250863928e-15
110563481.43008047 110563486.4322945 110563483.93118748 4.182986508101632e-14 1.0994277644471526e-14
110563486.4322945 110563491.43450852 110563488.93340151 3.99592147547822e-14 9.799050675980895e-15
110563491.43450852 110563496.43672255 110563493.93561554 3.4796264938408206e-14 9.357583864173008e-15
110563496.43672255 110563501.43893656 110563498.93782955 2.818639852012463e-14 8.3718900419637e-15
110563501.43893656 110563506.44115059 110563503.94004357 2.804145996318181e-14 9.526907560951186e-15
110563506.44115059 110563511.4433646 110563508.9422576 2.8455851261847467e-14 9.06376964674103e-15
110563511.4433646 110563516.44557863 110563513.94447163 2.5844099755291107e-14 8.904665664916755e-15
110563516.44557863 110563521.44779265 110563518.94668564 4.2886114169572354e-14 9.97746104365124e-15
110563521.44779265 110563526.45000668 110563523.94889966 5.859965227230224e-14 1.1212181932793041e-14
110563526.45000668 110563531.4522207 110563528.95111369 2.077280532502497e-14 7.321291344859516e-15
110563531.4522207 110563536.45443472 110563533.95332772 3.434048681327955e-14 9.451785663815001e-15
110563536.45443472 110563541.45664874 110563538.95554173 4.118269084599561e-14 1.0291128165687518e-14
110563541.45664874 110563546.45886277 110563543.95775574 3.0029241092715715e-14 9.181009231792093e-15
110563546.45886277 110563551.46107678 110563548.95996977 5.4627827228942653e-14 1.0862510651666424e-14
110563551.46107678 110563556.46329081 110563553.9621838 4.049549208512346e-14 1.0070153389359887e-14
110563556.46329081 110563561.46550483 110563558.96439782 5.891117034726314e-14 1.1798024355549526e-14
110563561.46550483 110563566.46771885 110563563.96661183 5.4434795492195925e-14 1.1482037832043189e-14
110563566.46771885 110563571.46993287 110563568.96882586 6.03372620806196e-14 1.178910568118225e-14
110563571.46993287 110563576.4721469 110563573.97103989 7.044695862047823e-14 1.1909732022286678e-14
110563576.4721469 110563581.47436091 110563578.9732539 1.0886587435925682e-13 1.4998240305165468e-14
110563581.47436091 110563586.47657494 110563583.97546792 1.7422519755697324e-13 1.7863820589332886e-14
110563586.47657494 110563591.47878896 110563588.97768195 1.560982462907192e-13 1.7474429049706692e-14
110563591.47878896 110563596.48100299 110563593.97989598 1.6321649753814652e-13 1.816404057634364e-14
110563596.48100299 110563601.48321702 110563598.98211 1.3529088278745012e-13 1.6121381956052138e-14
110563601.48321702 110563606.48543103 110563603.98432402 1.1697724091190184e-13 1.5200010057600284e-14
110563606.48543103 110563611.48764506 110563608.98653805 1.249000262656486e-13 1.5691610796129802e-14
110563611.48764506 110563616.48985907 110563613.98875207 1.6037134768662167e-13 1.7239116935790448e-14
110563616.48985907 110563621.4920731 110563618.99096608 2.2280319785745504e-13 2.098251750749319e-14
110563621.4920731 110563626.49428712 110563623.99318011 4.995031237085042e-13 3.067639957823702e-14
110563626.49428712 110563631.49650115 110563628.99539414 1.3258759406139833e-12 4.96865690029486e-14
110563631.49650115 110563636.49871516 110563633.99760816 1.6494932893893507e-12 5.539696472861305e-14
110563636.49871516 110563641.50092919 110563638.99982217 1.598147511331423e-12 5.4111883184506126e-14
110563641.50092919 110563646.5031432 110563644.0020362 1.3648446609841818e-12 5.0157766749310464e-14
110563646.5031432 110563651.50535724 110563649.00425023 1.3585829762734112e-12 4.954996059192935e-14
110563651.50535724 110563656.50757125 110563654.00646424 1.2498038039102828e-12 4.76767394030796e-14
110563656.50757125 110563661.50978528 110563659.00867826 1.320527384352555e-12 4.889154103744221e-14
110563661.50978528 110563666.5119993 110563664.01089229 1.6349329694546384e-12 5.4864085069085594e-14
110563666.5119993 110563671.51421332 110563669.01310632 1.817814792033492e-12 5.741178422393137e-14
110563671.51421332 110563676.51642734 110563674.01532033 1.940524068911105e-12 5.947390708134779e-14
110563676.51642734 110563681.51864137 110563679.01753435 1.8254220440385635e-12 5.762050657554063e-14
110563681.51864137 110563686.52085538 110563684.01974837 1.6467417500542713e-12 5.465378578680368e-14
110563686.52085538 110563691.52306941 110563689.0219624 1.5123586800845046e-12 5.25223046540095e-14
110563691.52306941 110563696.52528343 110563694.02417642 1.3539178572358562e-12 4.9662637417899965e-14
110563696.52528343 110563701.52749746 110563699.02639043 1.1096204334372725e-12 4.48400932735459e-14
110563701.52749746 110563706.52971147 110563704.02860446 9.202049181666128e-13 4.097388736754652e-14
110563706.52971147 110563711.5319255 110563709.03081849 9.112110089658346e-13 4.063804846323756e-14
110563711.5319255 110563716.53413951 110563714.0330325 6.866252583225949e-13 3.520314856640807e-14
110563716.53413951 110563721.53635354 110563719.03524652 6.080860331877549e-13 3.3319555295585223e-14
110563721.53635354 110563726.53856756 110563724.03746055 5.244456517425255e-13 3.08220814523283e-14
110563726.53856756 110563731.54078159 110563729.03967458 4.733406052861785e-13 2.951656920287171e-14
110563731.54078159 110563736.5429956 110563734.0418886 4.638772078141618e-13 2.9138178934014684e-14
110563736.5429956 110563741.54520963 110563739.04410261 4.3367881840107407e-13 2.8310530565039212e-14
110563741.54520963 110563746.54742365 110563744.04631664 4.1869134940298813e-13 2.763987801017018e-14
110563746.54742365 110563751.54963768 110563749.04853067 4.121928745009341e-13 2.718720286195401e-14
110563751.54963768 110563756.55185169 110563754.05074468 3.8801848564560544e-13 2.696250197051091e-14
110563756.55185169 110563761.55406572 110563759.0529587 3.4075658427472394e-13 2.5233582740269272e-14
110563761.55406572 110563766.55627973 110563764.05517273 2.887177201245311e-13 2.3506050934297198e-14
110563766.55627973 110563771.55849376 110563769.05738676 2.61075097308517e-13 2.2188903975056906e-14
110563771.55849376 110563776.56070778 110563774.05960077 2.6044429206920717e-13 2.2313913345393837e-14
110563776.56070778 110563781.5629218 110563779.06181479 2.575827471242644e-13 2.1775271135956724e-14
110563781.5629218 110563786.56513582 110563784.06402881 2.5301642754036544e-13 2.14759259396047e-14
110563786.56513582 110563791.56734985 110563789.06624284 1.9960952659443763e-13 1.928320748086056e-14
110563791.56734985 110563796.56956387 110563794.06845686 2.526687395465236e-13 2.199304094565972e-14
110563796.56956387 110563801.5717779 110563799.07067087 2.374767779063325e-13 2.11261444430974e-14
110563801.5717779 110563806.57399191 110563804.0728849 2.4269131897206796e-13 2.1437710814457325e-14
110563806.57399191 110563811.57620594 110563809.07509893 1.8165144925004566e-13 1.875443074862883e-14
110563811.57620594 110563816.57841995 110563814.07731295 1.5872244272243297e-13 1.7290360947881263e-14
110563816.57841995 110563821.58063398 110563819.07952696 1.9738590693152088e-13 1.9462176939176498e-14
110563821.58063398 110563826.58284801 110563824.081741 2.061520746970542e-13 1.9495824591778394e-14
110563826.58284801 110563831.58506203 110563829.08395502 1.8165187271840134e-13 1.8786740443055133e-14
110563831.58506203 110563836.58727606 110563834.08616903 1.8531321375891245e-13 1.8531142832828898e-14
110563836.58727606 110563841.58949007 110563839.08838306 1.7229744370634138e-13 1.8311571474144662e-14
110563841.58949007 110563846.5917041 110563844.0905971 1.6453055797664822e-13 1.768778149223887e-14
110563846.5917041 110563851.59391811 110563849.09281111 1.918062369274823e-13 1.8977548771500145e-14
110563851.59391811 110563856.59613214 110563854.09502512 1.312152204696659e-13 1.6116633307686394e-14
110563856.59613214 110563861.59834616 110563859.09723915 1.7957833132593388e-13 1.8649957942840224e-14
110563861.59834616 110563866.60056019 110563864.09945318 1.5335774269654046e-13 1.74912714941949e-14
110563866.60056019 110563871.6027742 110563869.1016672 1.3666337473979755e-13 1.682492533860123e-14
110563871.6027742 110563876.60498823 110563874.10388121 1.505564177826684e-13 1.681226421136621e-14
110563876.60498823 110563881.60720225 110563879.10609524 1.3574164770575202e-13 1.597560100578236e-14
110563881.60720225 110563886.60941628 110563884.10830927 1.466482583403308e-13 1.65664808900212e-14
110563886.60941628 110563891.61163029 110563889.11052328 1.0992624915465299e-13 1.5042210180469124e-14
110563891.61163029 110563896.61384432 110563894.1127373 1.1047632825481989e-13 1.496862238085182e-14
110563896.61384432 110563901.61605833 110563899.11495133 1.1827709597848287e-13 1.512939105424025e-14
110563901.61605833 110563906.61827236 110563904.11716536 1.2498282866813081e-13 1.5094257365875435e-14
110563906.61827236 110563911.62048638 110563909.11937937 1.3989485408623516e-13 1.6211384045334247e-14
110563911.62048638 110563916.62270041 110563914.12159339 1.3900768712778514e-13 1.6412236532473192e-14
110563916.62270041 110563921.62491442 110563919.12380742 1.2098737160354218e-13 1.5092334100852713e-14
110563921.62491442 110563926.62712845 110563924.12602144 1.32099737024481e-13 1.613177361213262e-14
110563926.62712845 110563931.62934247 110563929.12823546 1.3828294131993524e-13 1.6474573029940176e-14
110563931.62934247 110563936.6315565 110563934.13044947 1.484873398921038e-13 1.6930337909107055e-14
110563936.6315565 110563941.63377051 110563939.1326635 1.2221531903288202e-13 1.5246883753182605e-14
110563941.63377051 110563946.63598454 110563944.13487753 1.3539241403421309e-13 1.6317527431561962e-14
110563946.63598454 110563951.63819855 110563949.13709155 1.396344502059362e-13 1.6368027696266693e-14
110563951.63819855 110563956.64041258 110563954.13930556 1.217635945723375e-13 1.545617219378902e-14
110563956.64041258 110563961.6426266 110563959.14151959 1.0519881111878559e-13 1.499103061731563e-14
110563961.6426266 110563966.64484063 110563964.14373362 1.2089085110188605e-13 1.5559592721127717e-14
110563966.64484063 110563971.64705464 110563969.14594764 1.3243912840192803e-13 1.6334271725825447e-14
110563971.64705464 110563976.64926867 110563974.14816165 1.2740573924783354e-13 1.5713779788875014e-14
110563976.64926867 110563981.65148269 110563979.15037568 1.1217321302494701e-13 1.5638647558705647e-14
110563981.65148269 110563986.65369672 110563984.15258971 1.3772615850829235e-13 1.6765542090726137e-14
110563986.65369672 110563991.65591073 110563989.15480372 9.896656270215588e-14 1.4013369167009324e-14
110563991.65591073 110563996.65812476 110563994.15701774 1.0390898589564893e-13 1.3634486598463825e-14
110563996.65812476 110564001.66033877 110563999.15923177 7.460299874171697e-14 1.367494046879409e-14
110564001.66033877 110564006.6625528 110564004.1614458 1.2275415817135296e-13 1.5484500680928617e-14
110564006.6625528 110564011.66476682 110564009.16365981 1.217389411407797e-13 1.5769783153970048e-14
110564011.66476682 110564016.66698085 110564014.16587383 1.2653710092104034e-13 1.5950824847352654e-14
110564016.66698085 110564021.66919486 110564019.16808785 1.080054262450755e-13 1.478964596078534e-14
110564021.66919486 110564026.67140889 110564024.17030188 1.1927747662626753e-13 1.5160671504606024e-14
110564026.67140889 110564031.6736229 110564029.1725159 9.244248496079991e-14 1.3218624260949534e-14
110564031.6736229 110564036.67583694 110564034.17472991 9.62692377843529e-14 1.3553273282801197e-14
110564036.67583694 110564041.67805095 110564039.17694394 1.0186466798567685e-13 1.4655141686688958e-14
110564041.67805095 110564046.68026498 110564044.17915797 1.1095692074296746e-13 1.4429367046841508e-14
110564046.68026498 110564051.682479 110564049.18137199 7.052309565842059e-14 1.2400963025807594e-14
110564051.682479 110564056.68469302 110564054.183586 8.570581433531166e-14 1.2852832603857332e-14
110564056.68469302 110564061.68690705 110564059.18580005 8.927584900717513e-14 1.3508724546219523e-14
110564061.68690705 110564066.68912107 110564064.18801406 9.471283070432689e-14 1.4075858145581705e-14
110564066.68912107 110564071.6913351 110564069.19022807 9.24299662315329e-14 1.3198472665802486e-14
110564071.6913351 110564076.69354911 110564074.1924421 8.751787119802897e-14 1.3407487826738845e-14
110564076.69354911 110564081.69576314 110564079.19465613 7.890491685057955e-14 1.302265996652685e-14
110564081.69576314 110564086.69797716 110564084.19687015 1.178356242565637e-13 1.4855778920254914e-14
110564086.69797716 110564091.70019118 110564089.19908416 1.0722968719709216e-13 1.4605463532114732e-14
110564091.70019118 110564096.7024052 110564094.20129819 1.0633780325773303e-13 1.4941964100513833e-14
110564096.7024052 110564101.70461923 110564099.20351222 1.5827069572492558e-13 1.7090111240572936e-14
110564101.70461923 110564106.70683324 110564104.20572624 1.421133458045602e-13 1.6406591878839754e-14
110564106.70683324 110564111.70904727 110564109.20794025 1.404048716487201e-13 1.6375205191899778e-14
110564111.70904727 110564116.71126129 110564114.21015428 1.0737453911830833e-13 1.5063745918189058e-14
110564116.71126129 110564121.71347532 110564119.21236831 1.1691283375879028e-13 1.5045683355047456e-14
110564121.71347532 110564126.71568933 110564124.21458232 1.4570138764277528e-13 1.6495949897229094e-14
110564126.71568933 110564131.71790336 110564129.21679634 1.0950666791704452e-13 1.4477775353770976e-14
110564131.71790336 110564136.72011738 110564134.21901037 1.236047207678597e-13 1.5155090632860675e-14
110564136.72011738 110564141.7223314 110564139.2212244 1.219023634881186e-13 1.5314126061328036e-14
110564141.7223314 110564146.72454542 110564144.22343841 1.5753268751221033e-13 1.7470461382392204e-14
110564146.72454542 110564151.72675945 110564149.22565243 8.996522993617442e-14 1.3195993104737276e-14
110564151.72675945 110564156.72897346 110564154.22786646 1.2367951584563956e-13 1.5372281640735472e-14
110564156.72897346 110564161.7311875 110564159.23008049 1.1568380169150016e-13 1.510955265134076e-14
110564161.7311875 110564166.7334015 110564164.2322945 1.234678473079827e-13 1.5835451637431643e-14
110564166.7334015 110564171.73561554 110564169.23450851 6.179767272014657e-14 1.1035108823614707e-14
110564171.73561554 110564176.73782955 110564174.23672254 9.227988134737596e-14 1.400229586503509e-14
110564176.73782955 110564181.74004358 110564179.23893657 1.1087128250511678e-13 1.4866171282245876e-14
110564181.74004358 110564186.7422576 110564184.24115059 1.1818256722576314e-13 1.5202653992093527e-14
110564186.7422576 110564191.74447162 110564189.2433646 6.994558752414482e-14 1.232952954953814e-14
110564191.74447162 110564196.74668564 110564194.24557863 9.557359765822838e-14 1.4047886076684198e-14
110564196.74668564 110564201.74889967 110564199.24779266 8.388992084842869e-14 1.2718872619434328e-14
110564201.74889967 110564206.75111368 110564204.25000668 8.093933375460591e-14 1.2287379368393943e-14
110564206.75111368 110564211.75332771 110564209.25222069 9.84400591614575e-14 1.405896562307086e-14
