gj876_example_fuv_lightcurve.ecsv
# %ECSV 0.9
# ---
# datatype:
# - {name: t0, datatype: float64}
# - {name: t1, datatype: float64}
# - {name: t, datatype: float64}
# - {name: f, datatype: float64}
# - {name: e, datatype: float64}
# schema: astropy-2.0
t0 t1 t f e
[from data line 1436]
110557239.21974374 110557244.22189872 110557241.72082123 3.3585854974157106e-14 9.443341612843424e-15
110557244.22189872 110557249.22405371 110557246.72297621 3.04454721961118e-14 9.82193725826613e-15
110557249.22405371 110557254.22620869 110557251.7251312 4.409665134477345e-14 1.072494184028625e-14
110557254.22620869 110557259.22836366 110557256.72728617 3.397093252630517e-14 9.375418473750241e-15
110557259.22836366 110557264.23051865 110557261.72944117 4.7812093062207655e-14 1.1370794243549497e-14
110557264.23051865 110557269.23267363 110557266.73159614 4.3556281544996434e-14 1.0089581204936099e-14
110557269.23267363 110557274.23482862 110557271.73375112 4.1381392597966075e-14 9.167376405743822e-15
110557274.23482862 110557279.2369836 110557276.73590611 3.249520057709278e-14 9.68078952584523e-15
110557279.2369836 110557284.23913857 110557281.73806109 4.223373979288498e-14 1.058474737321779e-14
110557284.23913857 110557289.24129356 110557286.74021608 3.858185285055692e-14 9.176973357992408e-15
110557289.24129356 110557294.24344854 110557291.74237105 3.177443554032055e-14 9.223757299071578e-15
110557294.24344854 110557299.24560352 110557296.74452603 3.500678975142947e-14 1.0153951242738436e-14
110557299.24560352 110557304.24775851 110557301.746681 4.7826508439135005e-14 1.0515755464170915e-14
110557304.24775851 110557309.24991348 110557306.748836 3.516869307913866e-14 9.72152500003907e-15
110557309.24991348 110557314.25206846 110557311.75099097 3.190561533476451e-14 9.88691408784923e-15
110557314.25206846 110557319.25422345 110557316.75314596 3.3905516593561756e-14 9.235907948161517e-15
110557319.25422345 110557324.25637843 110557321.75530094 5.710410010067898e-14 1.0568414578227497e-14
110557324.25637843 110557329.25853342 110557326.75745592 2.851403566684726e-14 9.693546834665325e-15
110557329.25853342 110557334.2606884 110557331.7596109 5.759085482749548e-14 1.1967515941343245e-14
110557334.2606884 110557339.26284337 110557336.76176588 3.9925382648817406e-14 9.798905004786322e-15
110557339.26284337 110557344.26499836 110557341.76392087 6.475763816800428e-14 1.2286722223258878e-14
110557344.26499836 110557349.26715334 110557346.76607585 6.336298876432294e-14 1.2374517395039947e-14
110557349.26715334 110557354.26930831 110557351.76823083 6.061603073058475e-14 1.1288465097281505e-14
110557354.26930831 110557359.2714633 110557356.7703858 4.7705515135027667e-14 1.0730591930410013e-14
110557359.2714633 110557364.27361828 110557361.7725408 4.5869809826260966e-14 1.0462546076842697e-14
110557364.27361828 110557369.27577326 110557366.77469577 6.123900155930696e-14 1.1502787582305742e-14
110557369.27577326 110557374.27792825 110557371.77685076 4.6515721009046733e-14 1.0312873087023902e-14
110557374.27792825 110557379.28008322 110557376.77900574 4.954045700463435e-14 1.1050193789014185e-14
110557379.28008322 110557384.28223822 110557381.78116071 4.4042942765787495e-14 1.0671102017506012e-14
110557384.28223822 110557389.28439319 110557386.7833157 4.972210752251384e-14 1.198691416127066e-14
110557389.28439319 110557394.28654817 110557391.78547068 2.871762567819777e-14 9.256785361889976e-15
110557394.28654817 110557399.28870316 110557396.78762567 4.407206286867049e-14 9.938246108516877e-15
110557399.28870316 110557404.29085813 110557401.78978065 3.048846245893237e-14 9.507775568323663e-15
110557404.29085813 110557409.29301311 110557406.79193562 5.836782493401838e-14 1.1750072985196067e-14
110557409.29301311 110557414.2951681 110557411.7940906 3.9868910006361935e-14 1.0475362007510013e-14
110557414.2951681 110557419.29732308 110557416.79624559 3.8068208055471294e-14 1.0989294903427247e-14
110557419.29732308 110557424.29947805 110557421.79840057 5.1225778230183266e-14 1.1221007730837521e-14
110557424.29947805 110557429.30163305 110557426.80055556 3.591278534937464e-14 9.767511550377764e-15
110557429.30163305 110557434.30378802 110557431.80271053 3.4882579127498654e-14 9.797779837010552e-15
110557434.30378802 110557439.30594301 110557436.80486551 3.5831602885000576e-14 9.566789401257953e-15
110557439.30594301 110557444.30809799 110557441.8070205 4.4373950320445997e-14 1.0343183090782434e-14
110557444.30809799 110557449.31025296 110557446.80917548 4.3244564973874504e-14 1.0421083005364368e-14
110557449.31025296 110557454.31240796 110557451.81133047 3.61708663796733e-14 9.300081807659734e-15
110557454.31240796 110557459.31456293 110557456.81348544 3.031221977808699e-14 9.947457227626794e-15
110557459.31456293 110557464.31671791 110557461.81564042 3.165108931339949e-14 9.345745627190341e-15
110557464.31671791 110557469.3188729 110557466.8177954 4.3232526345239676e-14 9.587070929664014e-15
110557469.3188729 110557474.32102787 110557471.81995039 5.2112706955488874e-14 1.0762648498039795e-14
110557474.32102787 110557479.32318285 110557476.82210536 6.092415949383939e-14 1.1630202955552516e-14
110557479.32318285 110557484.32533784 110557481.82426035 4.26822577969688e-14 1.012143650504127e-14
110557484.32533784 110557489.32749282 110557486.82641533 3.6635569733414995e-14 8.944726604408149e-15
110557489.32749282 110557494.32964781 110557491.8285703 5.3154728640887216e-14 1.1750235019430404e-14
110557494.32964781 110557499.33180279 110557496.8307253 3.772613555092617e-14 9.842679726889262e-15
110557499.33180279 110557504.33395776 110557501.83288027 3.455011656852123e-14 9.676939071466167e-15
110557504.33395776 110557509.33611275 110557506.83503526 4.647048250377864e-14 1.0759443115664648e-14
110557509.33611275 110557514.33826773 110557511.83719024 3.1682929553292095e-14 9.89072177590582e-15
110557514.33826773 110557519.3404227 110557516.83934522 3.753435572674242e-14 1.0081289624525447e-14
110557519.3404227 110557524.3425777 110557521.8415002 2.7885732243236056e-14 9.007195080470683e-15
110557524.3425777 110557529.34473267 110557526.84365518 3.9912627968300575e-14 1.0804456704128023e-14
110557529.34473267 110557534.34688765 110557531.84581016 3.623012690333752e-14 9.755511013826958e-15
110557534.34688765 110557539.34904264 110557536.84796515 4.1956828278962315e-14 1.0073008938206122e-14
110557539.34904264 110557544.35119762 110557541.85012013 4.488231886289029e-14 1.0454274050372326e-14
110557544.35119762 110557549.3533526 110557546.8522751 3.099833304679553e-14 9.4875531245522e-15
110557549.3533526 110557554.35550758 110557551.8544301 4.279203263514018e-14 1.1161651447444771e-14
110557554.35550758 110557559.35766256 110557556.85658507 2.6822648107305328e-14 8.627469706357106e-15
110557559.35766256 110557564.35981755 110557561.85874006 2.9603062730841157e-14 9.413991395412419e-15
110557564.35981755 110557569.36197253 110557566.86089504 3.1297556398109234e-14 9.484990090573177e-15
110557569.36197253 110557574.3641275 110557571.86305001 4.3096570617443216e-14 1.0557165462978187e-14
110557574.3641275 110557579.3662825 110557576.86520499 3.929991556043879e-14 9.23627609377884e-15
110557579.3662825 110557584.36843747 110557581.86735998 4.710781097427855e-14 1.1685213715037977e-14
110557584.36843747 110557589.37059245 110557586.86951496 3.765384231713167e-14 9.277277762476833e-15
110557589.37059245 110557594.37274744 110557591.87166995 4.363569529404626e-14 1.0993915863601594e-14
110557594.37274744 110557599.37490241 110557596.87382492 4.3210190097085746e-14 1.0304863119043294e-14
110557599.37490241 110557604.3770574 110557601.8759799 3.6729314400139757e-14 9.929951610703013e-15
110557604.3770574 110557609.37921238 110557606.87813489 4.894516901767907e-14 1.0729810335680619e-14
110557609.37921238 110557614.38136736 110557611.88028987 1.9868026670483756e-14 8.498278003966405e-15
110557614.38136736 110557619.38352235 110557616.88244486 3.115736545929727e-14 9.121068711859474e-15
110557619.38352235 110557624.38567732 110557621.88459983 3.5602325919265796e-14 9.073365073399744e-15
110557624.38567732 110557629.3878323 110557626.88675481 3.5471730070692335e-14 9.509499524320346e-15
110557629.3878323 110557634.38998729 110557631.88890979 4.337196565820471e-14 1.0287135642031002e-14
110557634.38998729 110557639.39214227 110557636.89106478 3.6546194729365934e-14 9.898429624661738e-15
110557639.39214227 110557644.39429724 110557641.89321975 4.8861205670933234e-14 1.0016455921654772e-14
110557644.39429724 110557649.39645223 110557646.89537475 3.27763844616647e-14 9.152659025699072e-15
110557649.39645223 110557654.39860721 110557651.89752972 4.9864376370151374e-14 1.0684194733622344e-14
110557654.39860721 110557659.4007622 110557656.8996847 1.2371145708810681e-14 7.73664414147616e-15
110557659.4007622 110557664.40291718 110557661.90183969 4.74186803047253e-14 9.419828843191261e-15
110557664.40291718 110557669.40507215 110557666.90399466 2.955833342155406e-14 9.078823275705324e-15
110557669.40507215 110557674.40722714 110557671.90614966 4.417240747818978e-14 9.64474236632203e-15
110557674.40722714 110557679.40938212 110557676.90830463 5.051567227337319e-14 1.0305604228972933e-14
110557679.40938212 110557684.4115371 110557681.91045961 4.464136627283392e-14 1.0131197098510153e-14
110557684.4115371 110557689.41369209 110557686.91261458 3.5944097901779714e-14 9.175285533743194e-15
110557689.41369209 110557694.41584706 110557691.91476957 2.212412923354645e-14 8.802088033485097e-15
110557694.41584706 110557699.41800204 110557696.91692455 5.063550915597139e-14 1.0574336962308721e-14
110557699.41800204 110557704.42015703 110557701.91907954 6.414720579443453e-14 1.1525943825827963e-14
110557704.42015703 110557709.422312 110557706.92123452 2.2143404436092933e-14 9.508115066486322e-15
110557709.422312 110557714.424467 110557711.9233895 3.9871026011558336e-14 9.845094687308823e-15
110557714.424467 110557719.42662197 110557716.92554449 3.905553300245341e-14 9.928534487796169e-15
110557719.42662197 110557724.42877695 110557721.92769946 2.582472502778867e-14 8.518456647323758e-15
110557724.42877695 110557729.43093194 110557726.92985445 3.129680072342796e-14 9.141798065869563e-15
110557729.43093194 110557734.43308692 110557731.93200943 5.946425251658874e-14 1.1271701230241886e-14
110557734.43308692 110557739.4352419 110557736.9341644 3.695051410996087e-14 9.104951426211756e-15
110557739.4352419 110557744.43739688 110557741.93631938 2.3870206736273242e-14 8.21601067052912e-15
110557744.43739688 110557749.43955186 110557746.93847437 4.415973896598777e-14 9.793523072252463e-15
110557749.43955186 110557754.44170684 110557751.94062935 2.871337150025167e-14 9.391523049159485e-15
110557754.44170684 110557759.44386183 110557756.94278434 4.211344924526028e-14 9.535251529081574e-15
110557759.44386183 110557764.4460168 110557761.94493932 3.5546640008175846e-14 9.614313056670383e-15
110557764.4460168 110557769.4481718 110557766.94709429 2.1006728134833806e-14 9.116217904714036e-15
110557769.4481718 110557774.45032677 110557771.94924928 2.981253037727314e-14 8.551663457849861e-15
110557774.45032677 110557779.45248175 110557776.95140426 4.3976674059220815e-14 9.678796792425452e-15
110557779.45248175 110557784.45463674 110557781.95355925 3.70845693101182e-14 9.632683948183981e-15
110557784.45463674 110557789.45679171 110557786.95571423 3.1516925933366326e-14 8.574712826166438e-15
110557789.45679171 110557794.45894669 110557791.9578692 3.2541197019164585e-14 9.02060923564843e-15
110557794.45894669 110557799.46110168 110557796.96002418 3.665998033894563e-14 8.537884460688008e-15
110557799.46110168 110557804.46325666 110557801.96217917 4.497304426323648e-14 1.0224502372315034e-14
110557804.46325666 110557809.46541163 110557806.96433415 4.4901068619253015e-14 9.760160950212207e-15
110557809.46541163 110557814.46756662 110557811.96648914 1.9708936591304668e-14 7.847754112811604e-15
110557814.46756662 110557819.4697216 110557816.96864411 2.7826005388697762e-14 9.036012655702586e-15
110557819.4697216 110557824.47187659 110557821.97079909 2.2706254581738565e-14 8.021846436609172e-15
110557824.47187659 110557829.47403157 110557826.97295408 3.667024793199437e-14 9.85297595546495e-15
110557829.47403157 110557834.47618654 110557831.97510906 3.477890706494754e-14 8.620067684693042e-15
110557834.47618654 110557839.47834153 110557836.97726405 3.027962939737736e-14 9.46553814192599e-15
110557839.47834153 110557844.48049651 110557841.97941902 4.225042037219788e-14 1.0067809159270641e-14
110557844.48049651 110557849.48265149 110557846.981574 5.775594895066237e-14 1.0493876817964605e-14
110557849.48265149 110557854.48480648 110557851.98372898 4.889884739449399e-14 9.816324098800502e-15
110557854.48480648 110557859.48696145 110557856.98588397 3.3392553916902255e-14 8.162577041616431e-15
110557859.48696145 110557864.48911643 110557861.98803894 3.7228919638962296e-14 9.5596380705627e-15
110557864.48911643 110557869.49127142 110557866.99019393 3.0643850204768093e-14 9.080411997855934e-15
110557869.49127142 110557874.4934264 110557871.99234891 6.090184190530098e-14 1.0812333759541528e-14
110557874.4934264 110557879.49558139 110557876.99450389 4.327713773047069e-14 9.8761992154261e-15
110557879.49558139 110557884.49773636 110557881.99665888 3.017939363294179e-14 8.281928556665375e-15
110557884.49773636 110557889.49989134 110557886.99881385 2.3443701267647794e-14 8.314752221399396e-15
110557889.49989134 110557894.50204633 110557892.00096884 3.887345646881783e-14 9.653809937766036e-15
110557894.50204633 110557899.50420131 110557897.00312382 3.291480633893408e-14 8.671802153056929e-15
110557899.50420131 110557904.50635628 110557902.0052788 4.392129092279121e-14 1.0378210064809202e-14
110557904.50635628 110557909.50851128 110557907.00743377 4.2590483827305195e-14 9.713087695239534e-15
110557909.50851128 110557914.51066625 110557912.00958876 4.925091027658696e-14 1.0041806896599295e-14
110557914.51066625 110557919.51282123 110557917.01174374 4.8319143883549154e-14 9.97762014306282e-15
110557919.51282123 110557924.51497622 110557922.01389873 3.7083108757528505e-14 9.412946820636424e-15
110557924.51497622 110557929.5171312 110557927.0160537 3.366232790009109e-14 9.54692123650868e-15
110557929.5171312 110557934.51928619 110557932.01820868 2.8744617234631746e-14 8.603093475769376e-15
110557934.51928619 110557939.52144116 110557937.02036367 3.3432184074549666e-14 8.0940555112002e-15
110557939.52144116 110557944.52359614 110557942.02251865 5.4447326985562545e-14 1.0232029774412498e-14
110557944.52359614 110557949.52575113 110557947.02467364 3.6861683252672684e-14 9.344423229429994e-15
110557949.52575113 110557954.5279061 110557952.02682862 3.4264711523657324e-14 9.550993941555808e-15
110557954.5279061 110557959.53006108 110557957.0289836 4.101501345823804e-14 9.859060926026727e-15
110557959.53006108 110557964.53221607 110557962.03113857 5.400067644601858e-14 1.0428693299606639e-14
110557964.53221607 110557969.53437105 110557967.03329356 3.464012160363007e-14 9.074566190119864e-15
110557969.53437105 110557974.53652602 110557972.03544854 2.6807822156426358e-14 8.568538469058762e-15
110557974.53652602 110557979.53868102 110557977.03760353 3.5286472536261274e-14 8.677509065089503e-15
110557979.53868102 110557984.54083599 110557982.0397585 4.362188035275872e-14 8.777934636924761e-15
110557984.54083599 110557989.54299098 110557987.04191348 2.8946895295246545e-14 8.426599420424914e-15
110557989.54299098 110557994.54514596 110557992.04406847 4.394273020053163e-14 1.033417868026676e-14
110557994.54514596 110557999.54730093 110557997.04622345 5.876802491852929e-14 1.1103471030070977e-14
110557999.54730093 110558004.54945593 110558002.04837844 5.037917263786737e-14 1.0357295843107669e-14
110558004.54945593 110558009.5516109 110558007.05053341 4.810127665499422e-14 1.0457929292345606e-14
110558009.5516109 110558014.55376588 110558012.05268839 4.0769363919242624e-14 9.922115111818403e-15
110558014.55376588 110558019.55592087 110558017.05484337 3.800565934421554e-14 9.28808684217679e-15
110558019.55592087 110558024.55807585 110558022.05699836 4.1935845584419775e-14 9.442324317296321e-15
