gj876_example_fuv_lightcurve.ecsv
# %ECSV 0.9
# ---
# datatype:
# - {name: t0, datatype: float64}
# - {name: t1, datatype: float64}
# - {name: t, datatype: float64}
# - {name: f, datatype: float64}
# - {name: e, datatype: float64}
# schema: astropy-2.0
t0 t1 t f e
[from data line 163]
815.126193548387 820.1269677419355 817.6265806451613 2.049695383169457e-14 8.200803696068366e-15
820.1269677419355 825.1277419354839 822.6273548387096 1.3752786841370202e-14 7.699866524807591e-15
825.1277419354839 830.1285161290323 827.6281290322581 3.794181727701316e-14 8.611311399182098e-15
830.1285161290323 835.1292903225806 832.6289032258064 2.0948063318459803e-14 7.800942686241969e-15
835.1292903225806 840.130064516129 837.6296774193547 1.4003868451276067e-14 7.557453722563295e-15
840.130064516129 845.1308387096774 842.6304516129032 2.7293936093062073e-14 8.725789683420176e-15
845.1308387096774 850.1316129032258 847.6312258064515 1.8526506292294068e-14 8.046681934409432e-15
850.1316129032258 855.1323870967742 852.6320000000001 2.7285432734728884e-14 8.36944038249161e-15
855.1323870967742 860.1331612903225 857.6327741935484 2.3842331565718606e-14 8.136038975086058e-15
860.1331612903225 865.1339354838709 862.6335483870967 2.3225060061225658e-14 8.1700964464071e-15
865.1339354838709 870.1347096774193 867.6343225806452 1.9334182672172076e-14 8.20417947785846e-15
870.1347096774193 875.1354838709677 872.6350967741935 2.3701236218740345e-14 8.863993566264575e-15
875.1354838709677 880.1362580645161 877.635870967742 2.620593843844372e-14 8.421098859886085e-15
880.1362580645161 885.1370322580644 882.6366451612903 1.7821331382832888e-14 7.449523164964473e-15
885.1370322580644 890.1378064516128 887.6374193548386 2.689402669481086e-14 9.376054020779682e-15
890.1378064516128 895.1385806451613 892.6381935483871 2.692713434339649e-14 8.875417598008578e-15
895.1385806451613 900.1393548387097 897.6389677419354 8.944926523909015e-15 8.356987316850014e-15
900.1393548387097 905.1401290322581 902.6397419354839 1.62868675091412e-14 8.149131567417028e-15
905.1401290322581 910.1409032258064 907.6405161290322 1.5264864385483304e-14 7.916466793288802e-15
910.1409032258064 915.1416774193548 912.6412903225805 3.456711920191957e-14 8.49771581365201e-15
915.1416774193548 920.1424516129032 917.642064516129 4.323639560291762e-14 1.000403313396399e-14
920.1424516129032 925.1432258064516 922.6428387096773 3.2343898051637847e-14 9.0420109336649e-15
925.1432258064516 930.144 927.6436129032259 2.6073195300807098e-14 8.828162520968705e-15
930.144 935.1447741935483 932.6443870967742 2.148490195406848e-14 8.402244745958518e-15
935.1447741935483 940.1455483870967 937.6451612903224 2.7687208157138654e-14 8.901653302819951e-15
940.1455483870967 945.1463225806451 942.645935483871 2.1391592252024826e-14 8.151704263409133e-15
945.1463225806451 950.1470967741935 947.6467096774193 3.5793718246395154e-14 9.269442662867671e-15
950.1470967741935 955.1478709677419 952.6474838709678 2.67459805440901e-14 9.062694938091222e-15
955.1478709677419 960.1486451612902 957.6482580645161 1.908903697575772e-14 8.728228596138128e-15
960.1486451612902 965.1494193548386 962.6490322580644 2.6806083229527594e-14 9.165810103223212e-15
965.1494193548386 970.150193548387 967.6498064516129 4.121013561831368e-14 9.923913018587566e-15
970.150193548387 975.1509677419355 972.6505806451612 3.6761540614900737e-14 8.891973063449497e-15
975.1509677419355 980.1517419354839 977.6513548387097 2.8770993411348235e-14 8.36600819951085e-15
980.1517419354839 985.1525161290323 982.652129032258 5.787811294208092e-14 1.0630110203831397e-14
985.1525161290323 990.1532903225806 987.6529032258064 5.69395044647986e-14 1.14307151416482e-14
990.1532903225806 995.154064516129 992.6536774193548 2.987302368461839e-14 9.188508230180302e-15
995.154064516129 1000.1548387096774 997.6544516129031 2.3347607779016724e-14 7.621622691055972e-15
1000.1548387096774 1005.1556129032258 1002.6552258064517 1.5175858553828803e-14 7.664788664823569e-15
1005.1556129032258 1010.1563870967742 1007.656 1.5469746326407363e-14 8.096398694627248e-15
1010.1563870967742 1015.1571612903225 1012.6567741935484 3.197876828513958e-14 8.933219647709259e-15
1015.1571612903225 1020.1579354838709 1017.6575483870968 2.8148702840826914e-14 8.857887256202378e-15
1020.1579354838709 1025.1587096774192 1022.6583225806451 2.6034291414585143e-14 8.313807790989308e-15
1025.1587096774192 1030.1594838709677 1027.6590967741936 1.534403715667885e-14 7.973001567919965e-15
1030.1594838709677 1035.160258064516 1032.6598709677419 2.6036982691082873e-14 9.530898870961444e-15
1035.160258064516 1040.1610322580646 1037.6606451612902 2.0227479033969063e-14 7.848810376149544e-15
1040.1610322580646 1045.1618064516128 1042.6614193548387 2.350716523472411e-14 9.34791454645466e-15
1045.1618064516128 1050.1625806451611 1047.662193548387 1.3993893410506435e-14 7.411617719408737e-15
1050.1625806451611 1055.1633548387097 1052.6629677419355 3.109049883111621e-14 9.26432882482127e-15
1055.1633548387097 1060.164129032258 1057.6637419354838 7.934203667169524e-15 6.6139326086321334e-15
1060.164129032258 1065.1649032258065 1062.664516129032 1.7850425346061273e-14 8.212234750833694e-15
1065.1649032258065 1070.1656774193548 1067.6652903225806 2.419540535417991e-14 8.25127612058141e-15
1070.1656774193548 1075.1664516129033 1072.6660645161292 2.4630905106628902e-14 8.237376851651367e-15
1075.1664516129033 1080.1672258064516 1077.6668387096774 2.6732618122053356e-14 9.155812392884402e-15
1080.1672258064516 1085.168 1082.6676129032257 1.0274484503980048e-14 7.783318865122867e-15
1085.168 1090.1687741935484 1087.668387096774 2.6036943003263025e-14 7.771468175283029e-15
1090.1687741935484 1095.1695483870967 1092.6691612903226 2.3440679565855146e-14 8.424736790585549e-15
1095.1695483870967 1100.1703225806452 1097.669935483871 9.900027648767789e-15 6.93081121754577e-15
1100.1703225806452 1105.1710967741935 1102.6707096774194 1.8322414122943447e-14 7.818727663855657e-15
1105.1710967741935 1110.1718709677418 1107.6714838709677 1.7809095016354498e-14 7.916898903631175e-15
1110.1718709677418 1115.1726451612903 1112.672258064516 3.6652979461805744e-14 8.712166777788278e-15
1115.1726451612903 1120.1734193548386 1117.6730322580645 8.742235984151146e-15 8.032904251258963e-15
1120.1734193548386 1125.1741935483872 1122.673806451613 3.0494775821313074e-14 8.27844399969858e-15
1125.1741935483872 1130.1749677419355 1127.6745806451613 2.0112184439965174e-14 7.207137117521736e-15
1130.1749677419355 1135.1757419354838 1132.6753548387096 2.4862500633095844e-14 8.376210401166328e-15
1135.1757419354838 1140.1765161290323 1137.676129032258 1.7012042083783033e-14 7.331390007664793e-15
1140.1765161290323 1145.1772903225806 1142.6769032258064 1.0459334746121461e-14 6.58899726703503e-15
1145.1772903225806 1150.178064516129 1147.677677419355 9.446620775450943e-15 6.866321250429673e-15
1150.178064516129 1155.1788387096774 1152.6784516129032 2.2552306423498665e-14 8.115037524679078e-15
1155.1788387096774 1160.1796129032257 1157.6792258064515 3.085033318369276e-14 8.098986117539377e-15
1160.1796129032257 1165.1803870967742 1162.6799999999998 5.827434250484221e-15 7.579144751606771e-15
1165.1803870967742 1170.1811612903225 1167.6807741935484 1.6478738552147148e-14 7.323332580318171e-15
1170.1811612903225 1175.181935483871 1172.6815483870969 3.024923691478792e-14 8.387403607214272e-15
1175.181935483871 1180.1827096774193 1177.6823225806452 2.9628015159183756e-14 8.960808073180802e-15
1180.1827096774193 1185.1834838709676 1182.6830967741935 3.1003753269718454e-14 7.981215458201211e-15
1185.1834838709676 1190.1842580645161 1187.6838709677418 3.6693784464792976e-14 9.436378918862489e-15
1190.1842580645161 1195.1850322580644 1192.6846451612903 2.6545195076219644e-14 8.888236693197376e-15
1195.1850322580644 1200.185806451613 1197.6854193548388 2.6103512199829e-14 9.119332096035894e-15
1200.185806451613 1205.1865806451613 1202.686193548387 1.9512224660396488e-14 8.573606754727e-15
1205.1865806451613 1210.1873548387096 1207.6869677419354 3.224463927473182e-14 8.545093202550345e-15
1210.1873548387096 1215.188129032258 1212.6877419354837 2.268580287651023e-14 8.0165336969457e-15
1215.188129032258 1220.1889032258064 1217.6885161290322 4.305738803047029e-14 9.481658372242841e-15
1220.1889032258064 1225.189677419355 1222.6892903225807 7.889657656816098e-15 5.795079888552694e-15
1225.189677419355 1230.1904516129032 1227.690064516129 1.7379536638042898e-14 6.931535839030055e-15
1230.1904516129032 1235.1912258064515 1232.6908387096773 2.303443801608361e-14 7.54762129994926e-15
1235.1912258064515 1240.192 1237.6916129032256 1.5914681488253565e-15 7.29687846454e-15
4911.007968150079 4916.02205847266 4913.515013311369 4.402976951561682e-13 2.7911917279896508e-14
4916.02205847266 4921.0361487952405 4918.52910363395 9.009692011997587e-13 3.980901191972672e-14
4921.0361487952405 4926.050239117822 4923.5431939565315 8.082238473631218e-13 3.758142697695956e-14
4926.050239117822 4931.064329440402 4928.557284279112 8.167280685639648e-13 3.718326551787075e-14
4931.064329440402 4936.078419762983 4933.571374601692 7.849735690977555e-13 3.680613341635471e-14
4936.078419762983 4941.092510085563 4938.585464924273 5.775998553419007e-13 3.17534172720065e-14
4941.092510085563 4946.106600408144 4943.599555246854 4.490780375665646e-13 2.840359650749626e-14
4946.106600408144 4951.120690730724 4948.613645569434 3.739976791213968e-13 2.6311232251195084e-14
4951.120690730724 4956.134781053305 4953.627735892014 2.936512401023098e-13 2.3601861479472436e-14
4956.134781053305 4961.148871375885 4958.641826214595 2.3101538365224096e-13 2.1310520298849655e-14
4961.148871375885 4966.1629616984665 4963.655916537176 1.836030082741527e-13 1.9192506508784207e-14
4966.1629616984665 4971.177052021047 4968.6700068597565 2.176883021080978e-13 2.001437443365485e-14
4971.177052021047 4976.191142343628 4973.684097182337 1.8941030130376553e-13 1.877883433684898e-14
4976.191142343628 4981.205232666209 4978.698187504919 1.3715886797514618e-13 1.727197719236857e-14
4981.205232666209 4986.219322988789 4983.712277827499 1.6150799097293695e-13 1.7593268756298626e-14
4986.219322988789 4991.23341331137 4988.726368150079 1.6650606497822232e-13 1.787527729367546e-14
4991.23341331137 4996.24750363395 4993.74045847266 1.5539507556803247e-13 1.753349137471472e-14
4996.24750363395 5001.261593956531 4998.754548795241 1.682472063415056e-13 1.852919930697801e-14
5001.261593956531 5006.275684279111 5003.768639117821 1.5880155329306968e-13 1.775564015783857e-14
5006.275684279111 5011.289774601692 5008.782729440401 1.3204780529798418e-13 1.6359129887032176e-14
5011.289774601692 5016.303864924273 5013.7968197629825 1.1989489071728837e-13 1.5965952073682143e-14
5016.303864924273 5021.317955246854 5018.810910085564 1.243286921826323e-13 1.6239323746384233e-14
5021.317955246854 5026.332045569434 5023.825000408144 1.7273617992219404e-13 1.8080965014808406e-14
5026.332045569434 5031.346135892015 5028.839090730724 1.5554287180551761e-13 1.7527967821484906e-14
5031.346135892015 5036.360226214595 5033.853181053305 1.6756799728980063e-13 1.865245001420074e-14
5036.360226214595 5041.374316537176 5038.867271375886 1.7993153607372217e-13 1.8535358609319784e-14
5041.374316537176 5046.388406859756 5043.881361698466 1.6670495788886312e-13 1.8544830183569217e-14
5046.388406859756 5051.402497182337 5048.895452021046 1.5922033540950368e-13 1.820461625675417e-14
5051.402497182337 5056.416587504918 5053.909542343628 1.7361692512628289e-13 1.88038798487059e-14
5056.416587504918 5061.430677827499 5058.9236326662085 2.157641435675448e-13 2.0173828140147602e-14
5061.430677827499 5066.44476815008 5063.937722988789 1.8547430161734603e-13 1.883256176372325e-14
5066.44476815008 5071.45885847266 5068.95181331137 1.690709870267917e-13 1.852190844466462e-14
5071.45885847266 5076.472948795241 5073.965903633951 1.5420977974062776e-13 1.7533395539924828e-14
5076.472948795241 5081.487039117821 5078.979993956531 1.2372969913746822e-13 1.6227520047766404e-14
5081.487039117821 5086.501129440402 5083.994084279111 1.1289968511214164e-13 1.6264238444768045e-14
5086.501129440402 5091.515219762982 5089.008174601692 1.1890097883017424e-13 1.529739371570788e-14
5091.515219762982 5096.529310085563 5094.022264924273 1.495759884886497e-13 1.7475690131183604e-14
5096.529310085563 5101.5434004081435 5099.036355246853 1.0026359108583506e-13 1.4462005825650914e-14
5101.5434004081435 5106.557490730725 5104.050445569434 9.902071656483028e-14 1.4722492965202214e-14
5106.557490730725 5111.571581053305 5109.064535892015 9.897275063044108e-14 1.4652765523133636e-14
5111.571581053305 5116.585671375886 5114.078626214596 1.0935793881708492e-13 1.5243542440436202e-14
5116.585671375886 5121.599761698466 5119.092716537176 9.220212098895938e-14 1.4243801506045973e-14
5121.599761698466 5126.613852021047 5124.106806859756 1.0639124083247485e-13 1.5217341633948688e-14
5126.613852021047 5131.627942343628 5129.120897182338 1.0314524231886989e-13 1.486650239772001e-14
5131.627942343628 5136.642032666208 5134.134987504918 7.685355882042685e-14 1.3523741854237132e-14
5136.642032666208 5141.656122988789 5139.149077827498 8.911706279643496e-14 1.389115261908825e-14
5141.656122988789 5146.6702133113695 5144.163168150079 1.1340984754579534e-13 1.5502982573252115e-14
5146.6702133113695 5151.684303633951 5149.1772584726605 6.358439590394688e-14 1.241639720427921e-14
5151.684303633951 5156.698393956531 5154.191348795241 1.1099792831498303e-13 1.5028763733878533e-14
5156.698393956531 5161.712484279112 5159.205439117821 9.387915534514408e-14 1.3826081538500718e-14
5161.712484279112 5166.726574601692 5164.219529440402 7.198787711318917e-14 1.2579078523948787e-14
5166.726574601692 5171.740664924273 5169.233619762983 1.0294406209412832e-13 1.5287141735815008e-14
5171.740664924273 5176.754755246853 5174.247710085563 7.872687771749965e-14 1.3610195505809646e-14
5176.754755246853 5181.768845569434 5179.261800408143 8.428972505039358e-14 1.3968034278621606e-14
5181.768845569434 5186.782935892014 5184.275890730724 7.935178054608835e-14 1.3258645140693471e-14
5186.782935892014 5191.7970262145955 5189.289981053305 8.526955591471792e-14 1.3736322759736536e-14
5191.7970262145955 5196.811116537176 5194.3040713758855 7.528505373203587e-14 1.2894826841317792e-14
5196.811116537176 5201.825206859757 5199.318161698466 1.22762954140624e-13 1.6124166005877048e-14
5201.825206859757 5206.839297182338 5204.332252021048 8.643578519900671e-14 1.3507905367545712e-14
5206.839297182338 5211.853387504918 5209.346342343628 8.705761304703686e-14 1.3768361293395053e-14
5211.853387504918 5216.867477827499 5214.360432666208 9.620196289376121e-14 1.3995806154669731e-14
5216.867477827499 5221.881568150079 5219.374522988789 7.573276306524113e-14 1.3208393167296623e-14
5221.881568150079 5226.89565847266 5224.38861331137 9.65103587826618e-14 1.4660932420750592e-14
5226.89565847266 5231.90974879524 5229.40270363395 5.81794242531259e-14 1.206270545704472e-14
5231.90974879524 5236.923839117821 5234.4167939565305 8.950052302953163e-14 1.3359363208217025e-14
5236.923839117821 5241.937929440402 5239.4308842791115 9.309246730809045e-14 1.4220237364096185e-14
5241.937929440402 5246.952019762983 5244.444974601693 5.3111885889716547e-14 1.1690861059002447e-14
5246.952019762983 5251.966110085563 5249.459064924273 6.895168296587278e-14 1.2871801644189458e-14
5251.966110085563 5256.980200408144 5254.473155246853 7.73182796391077e-14 1.3702792020002763e-14
5256.980200408144 5261.994290730724 5259.487245569434 7.430435890961464e-14 1.3528374083110652e-14
5261.994290730724 5267.008381053305 5264.501335892015 7.650762237488077e-14 1.3023970759099232e-14
5267.008381053305 5272.022471375885 5269.515426214595 8.210205640158188e-14 1.291616977221371e-14
5272.022471375885 5277.036561698466 5274.529516537175 1.0624930971381661e-13 1.4465927630194994e-14
5277.036561698466 5282.050652021047 5279.543606859757 9.496681780621847e-14 1.4157862150841552e-14
5282.050652021047 5287.064742343628 5284.5576971823375 9.420472094247954e-14 1.3622132794516171e-14
5287.064742343628 5292.078832666209 5289.571787504918 9.703815308491508e-14 1.4414100549027543e-14
