gj876_example_fuv_lightcurve.ecsv
# %ECSV 0.9
# ---
# datatype:
# - {name: t0, datatype: float64}
# - {name: t1, datatype: float64}
# - {name: t, datatype: float64}
# - {name: f, datatype: float64}
# - {name: e, datatype: float64}
# schema: astropy-2.0
t0 t1 t f e
[from data line 2543]
110568807.28629687 110568812.28839281 110568809.78734484 1.1421563747125868e-13 1.488421329930765e-14
110568812.28839281 110568817.29048875 110568814.78944078 1.0191767420794853e-13 1.3981888377606924e-14
110568817.29048875 110568822.29258469 110568819.79153672 1.3063188982416103e-13 1.6404034046962582e-14
110568822.29258469 110568827.29468063 110568824.79363266 1.294784988708989e-13 1.616794233624197e-14
110568827.29468063 110568832.29677658 110568829.7957286 1.234737303971496e-13 1.534771234944456e-14
110568832.29677658 110568837.29887252 110568834.79782455 8.22000267785205e-14 1.3757028805879374e-14
110568837.29887252 110568842.30096845 110568839.79992048 1.2057570659057112e-13 1.492577724790292e-14
110568842.30096845 110568847.30306439 110568844.80201642 1.254854209940441e-13 1.5736688794524864e-14
110568847.30306439 110568852.30516034 110568849.80411237 1.0962683396438002e-13 1.5080114457602202e-14
110568852.30516034 110568857.30725628 110568854.80620831 1.1588152186224166e-13 1.5285202309130856e-14
110568857.30725628 110568862.30935222 110568859.80830425 1.194139212054156e-13 1.523602503802302e-14
110568862.30935222 110568867.31144816 110568864.81040019 1.005125243915148e-13 1.4810173704083506e-14
110568867.31144816 110568872.3135441 110568869.81249613 9.10693157226886e-14 1.3780384085336852e-14
110568872.3135441 110568877.31564005 110568874.81459206 1.0388772013119351e-13 1.5217113332371904e-14
110568877.31564005 110568882.31773598 110568879.81668802 1.0300041177804932e-13 1.461366281886032e-14
110568882.31773598 110568887.31983192 110568884.81878395 8.58056808393045e-14 1.3513341851264571e-14
110568887.31983192 110568892.32192786 110568889.82087989 1.0926803951689958e-13 1.4198152415396399e-14
110568892.32192786 110568897.3240238 110568894.82297583 1.0790540200359794e-13 1.4396410441549424e-14
110568897.3240238 110568902.32611975 110568899.82507178 1.0166416826213027e-13 1.4436076631793217e-14
110568902.32611975 110568907.32821569 110568904.82716772 1.0538242926044081e-13 1.4854860112726557e-14
110568907.32821569 110568912.33031163 110568909.82926366 1.187259625466601e-13 1.48645752772441e-14
110568912.33031163 110568917.33240756 110568914.8313596 1.1477195819964632e-13 1.4860233682046067e-14
110568917.33240756 110568922.33450352 110568919.83345553 9.223700343045991e-14 1.3703123863885838e-14
110568922.33450352 110568927.33659945 110568924.83555149 9.277809571989577e-14 1.428934776831112e-14
110568927.33659945 110568932.33869539 110568929.83764742 1.0776805209430004e-13 1.4803732587177007e-14
110568932.33869539 110568937.34079133 110568934.83974336 8.326182637145527e-14 1.2878838803605693e-14
110568937.34079133 110568942.34288727 110568939.8418393 1.010721571051842e-13 1.469317960957069e-14
110568942.34288727 110568947.34498322 110568944.84393525 1.0003799641554992e-13 1.4279759355769897e-14
110568947.34498322 110568952.34707916 110568949.84603119 9.446388389356861e-14 1.386146506244875e-14
110568952.34707916 110568957.3491751 110568954.84812713 9.521268498181202e-14 1.397950118886443e-14
110568957.3491751 110568962.35127103 110568959.85022306 9.646186728840462e-14 1.3929669667114935e-14
110568962.35127103 110568967.35336699 110568964.852319 9.686430661878836e-14 1.4168367982679754e-14
110568967.35336699 110568972.35546292 110568969.85441495 9.053046213330481e-14 1.3331527104531281e-14
110568972.35546292 110568977.35755886 110568974.85651089 8.999506238555919e-14 1.400874382909048e-14
110568977.35755886 110568982.3596548 110568979.85860683 9.742975599329968e-14 1.3834435333721905e-14
110568982.3596548 110568987.36175074 110568984.86070277 1.0015453138748703e-13 1.423597741554671e-14
110568987.36175074 110568992.36384669 110568989.86279872 1.1210868907580083e-13 1.4886483295322366e-14
110568992.36384669 110568997.36594263 110568994.86489466 1.303870397626415e-13 1.5740177836117088e-14
110568997.36594263 110569002.36803856 110568999.8669906 9.630183332737731e-14 1.4326261017947537e-14
110569002.36803856 110569007.3701345 110569004.86908653 9.934362855948719e-14 1.3810029296479973e-14
110569007.3701345 110569012.37223044 110569009.87118247 9.896184359061421e-14 1.4193798516163039e-14
110569012.37223044 110569017.3743264 110569014.87327841 8.826992408163394e-14 1.3055159559002006e-14
110569017.3743264 110569022.37642233 110569019.87537436 7.327054886425034e-14 1.2034958299900809e-14
110569022.37642233 110569027.37851827 110569024.8774703 8.63678933765709e-14 1.3125039998512888e-14
110569027.37851827 110569032.3806142 110569029.87956624 9.808884302653292e-14 1.3474165279587264e-14
110569032.3806142 110569037.38271016 110569034.88166219 7.550110037522084e-14 1.3094291205805306e-14
110569037.38271016 110569042.3848061 110569039.88375813 8.88078366403956e-14 1.4249098035322437e-14
110569042.3848061 110569047.38690203 110569044.88585407 7.775692839648634e-14 1.3269918666645759e-14
110569047.38690203 110569052.38899797 110569049.88795 1.1187682869472529e-13 1.5008907002472446e-14
110569052.38899797 110569057.39109391 110569054.89004594 7.749929672563974e-14 1.2362941481064821e-14
110569057.39109391 110569062.39318986 110569059.89214188 1.0149442515650341e-13 1.4599257116593677e-14
110569062.39318986 110569067.3952858 110569064.89423783 8.98985822124388e-14 1.3458568650647723e-14
110569067.3952858 110569072.39738174 110569069.89633377 7.831736486834867e-14 1.3111302978522871e-14
110569072.39738174 110569077.39947768 110569074.8984297 1.2145744497046375e-13 1.4511952553768622e-14
110569077.39947768 110569082.40157363 110569079.90052566 8.06540424651941e-14 1.2279062088551796e-14
110569082.40157363 110569087.40366957 110569084.9026216 7.198449153791162e-14 1.2274397451663387e-14
110569087.40366957 110569092.4057655 110569089.90471753 9.140119325754201e-14 1.3513385957746299e-14
110569092.4057655 110569097.40786144 110569094.90681347 7.324839115479682e-14 1.218343874377904e-14
110569097.40786144 110569102.40995738 110569099.90890941 9.276520553690659e-14 1.3091374035076443e-14
110569102.40995738 110569107.41205333 110569104.91100535 7.345048544559741e-14 1.2393827907276194e-14
110569107.41205333 110569112.41414927 110569109.9131013 7.208606507621414e-14 1.2434891143161131e-14
110569112.41414927 110569117.4162452 110569114.91519724 9.510903193405309e-14 1.3914690199797869e-14
110569117.4162452 110569122.41834114 110569119.91729318 6.833503376175169e-14 1.2719482523433686e-14
110569122.41834114 110569127.42043708 110569124.91938911 8.20349727208843e-14 1.3109955576351595e-14
110569127.42043708 110569132.42253304 110569129.92148507 7.345315481799738e-14 1.2317081747494563e-14
110569132.42253304 110569137.42462897 110569134.923581 8.793977821237704e-14 1.3369880788405602e-14
110569137.42462897 110569142.42672491 110569139.92567694 1.0220205092698337e-13 1.4234205314853424e-14
110569142.42672491 110569147.42882085 110569144.92777288 8.110907713669054e-14 1.2545724198886826e-14
110569147.42882085 110569152.4309168 110569149.92986882 7.985961985824056e-14 1.3152773782318041e-14
110569152.4309168 110569157.43301274 110569154.93196477 8.210151225441359e-14 1.2987202382165646e-14
110569157.43301274 110569162.43510868 110569159.93406071 9.697865247045992e-14 1.398935665182783e-14
110569162.43510868 110569167.43720461 110569164.93615665 7.516085310947578e-14 1.2459428956598989e-14
110569167.43720461 110569172.43930055 110569169.93825258 9.519523621162861e-14 1.4057146664416414e-14
110569172.43930055 110569177.4413965 110569174.94034854 8.13397430729623e-14 1.3090904232660213e-14
110569177.4413965 110569182.44349244 110569179.94244447 8.480424381012838e-14 1.3154407071746489e-14
110569182.44349244 110569187.44558838 110569184.94454041 7.995448467259885e-14 1.2877207631982477e-14
110569187.44558838 110569192.44768432 110569189.94663635 8.531841391308713e-14 1.3230659633906105e-14
110569192.44768432 110569197.44978027 110569194.94873229 7.992339618415686e-14 1.2571837488663352e-14
110569197.44978027 110569202.45187621 110569199.95082824 1.0394638110667975e-13 1.4296953050285183e-14
110569202.45187621 110569207.45397215 110569204.95292418 7.028043364559056e-14 1.2847718080642462e-14
110569207.45397215 110569212.45606808 110569209.95502011 7.660411939141047e-14 1.2143024298380556e-14
110569212.45606808 110569217.45816402 110569214.95711605 8.527458536974614e-14 1.3409822058094327e-14
110569217.45816402 110569222.46025997 110569219.959212 8.85321983981053e-14 1.3571283150906382e-14
110569222.46025997 110569227.46235591 110569224.96130794 8.50274044792643e-14 1.311933943441367e-14
110569227.46235591 110569232.46445185 110569229.96340388 7.554322120775011e-14 1.2826593719798099e-14
110569232.46445185 110569237.46654779 110569234.96549982 8.680988163436803e-14 1.2544671049816424e-14
110569237.46654779 110569242.46864374 110569239.96759576 9.14600416777342e-14 1.2896049023163361e-14
110569242.46864374 110569247.47073968 110569244.96969171 9.261082736527813e-14 1.3696025013421899e-14
110569247.47073968 110569252.47283562 110569249.97178765 7.932329427823847e-14 1.2540331284910291e-14
110569252.47283562 110569257.47493155 110569254.97388358 9.050794541818622e-14 1.3393813090602415e-14
110569257.47493155 110569262.47702749 110569259.97597952 7.240042537826296e-14 1.2416948284509084e-14
110569262.47702749 110569267.47912344 110569264.97807547 7.264798293625256e-14 1.2149607436215876e-14
110569267.47912344 110569272.48121938 110569269.98017141 7.70294973776611e-14 1.2977210019314743e-14
110569272.48121938 110569277.48331532 110569274.98226735 6.51736015505174e-14 1.171863638418754e-14
110569277.48331532 110569282.48541126 110569279.98436329 6.35245407116126e-14 1.1515756294360154e-14
110569282.48541126 110569287.4875072 110569284.98645923 7.446420723659246e-14 1.2476710390193897e-14
110569287.4875072 110569292.48960315 110569289.98855516 8.109582585502709e-14 1.2694232091394568e-14
110569292.48960315 110569297.49169908 110569294.99065112 6.393210536843938e-14 1.1752749895289812e-14
110569297.49169908 110569302.49379502 110569299.99274705 7.429860455193269e-14 1.2346540272689817e-14
110569302.49379502 110569307.49589096 110569304.99484299 9.449452593397332e-14 1.3232899942872733e-14
110569307.49589096 110569312.49798691 110569309.99693894 6.091591083142323e-14 1.1569054154032613e-14
110569312.49798691 110569317.50008285 110569314.99903488 7.06555107675218e-14 1.1441349459828702e-14
110569317.50008285 110569322.50217879 110569320.00113082 6.835544079954805e-14 1.1591775284166771e-14
110569322.50217879 110569327.50427473 110569325.00322676 7.74408765528847e-14 1.2534466663976703e-14
110569327.50427473 110569332.50637066 110569330.0053227 6.985314457613757e-14 1.273444302094245e-14
110569332.50637066 110569337.50846662 110569335.00741863 7.041420579890762e-14 1.1747721559817698e-14
110569337.50846662 110569342.51056255 110569340.00951459 8.207394152456988e-14 1.310267071048363e-14
110569342.51056255 110569347.51265849 110569345.01161052 7.126417468266005e-14 1.1960946252162696e-14
110569347.51265849 110569352.51475443 110569350.01370646 1.0162694854273246e-13 1.409951847501788e-14
110569352.51475443 110569357.51685038 110569355.01580241 8.484140064839461e-14 1.289946413754522e-14
110569357.51685038 110569362.51894632 110569360.01789835 7.626945263437279e-14 1.2208357516541187e-14
110569362.51894632 110569367.52104226 110569365.01999429 7.668232908436852e-14 1.2211478482225402e-14
110569367.52104226 110569372.5231382 110569370.02209023 8.633435434879808e-14 1.3314188283832743e-14
110569372.5231382 110569377.52523413 110569375.02418616 7.037010801325019e-14 1.2177754689010436e-14
110569377.52523413 110569382.52733009 110569380.0262821 6.625051359873904e-14 1.2054207451354194e-14
110569382.52733009 110569387.52942602 110569385.02837805 1.0276774644488287e-13 1.4248522378829933e-14
110569387.52942602 110569392.53152196 110569390.03047399 9.038906277046098e-14 1.2956907669225917e-14
110569392.53152196 110569397.5336179 110569395.03256993 8.097608144395653e-14 1.2925504141911621e-14
110569397.5336179 110569402.53571384 110569400.03466587 9.237111757360132e-14 1.3670190192610919e-14
110569402.53571384 110569407.53780979 110569405.03676182 9.301512044691154e-14 1.3837797673924848e-14
110569407.53780979 110569412.53990573 110569410.03885776 7.201034439997286e-14 1.1644252919821753e-14
110569412.53990573 110569417.54200166 110569415.0409537 8.62112668280954e-14 1.3154345880244387e-14
110569417.54200166 110569422.5440976 110569420.04304963 9.236865796726708e-14 1.3200395392446011e-14
110569422.5440976 110569427.54619355 110569425.04514557 9.695894956183804e-14 1.390279028231139e-14
110569427.54619355 110569432.5482895 110569430.04724152 8.752744378153347e-14 1.2420491034408602e-14
110569432.5482895 110569437.55038543 110569435.04933746 9.135394806682277e-14 1.3598107215625815e-14
110569437.55038543 110569442.55248137 110569440.0514334 9.958811219101302e-14 1.3711403073924957e-14
110569442.55248137 110569447.5545773 110569445.05352934 8.392121975704679e-14 1.3133436768504962e-14
110569447.5545773 110569452.55667326 110569450.05562529 7.146689428669036e-14 1.2093490972111746e-14
110569452.55667326 110569457.5587692 110569455.05772123 9.082664747500471e-14 1.2817821189722159e-14
110569457.5587692 110569462.56086513 110569460.05981717 9.343438337626546e-14 1.3312068800983519e-14
110569462.56086513 110569467.56296107 110569465.0619131 8.497124099500185e-14 1.292542877909885e-14
110569467.56296107 110569472.56505702 110569470.06400904 5.194850452210435e-14 1.0682523090461206e-14
110569472.56505702 110569477.56715296 110569475.066105 8.728767992297377e-14 1.3026718190699975e-14
110569477.56715296 110569482.5692489 110569480.06820093 7.451680562431791e-14 1.210261153483881e-14
110569482.5692489 110569487.57134484 110569485.07029687 8.632715971362465e-14 1.259965084014927e-14
110569487.57134484 110569492.57344078 110569490.0723928 9.830775984722427e-14 1.40435828323451e-14
110569492.57344078 110569497.57553673 110569495.07448876 7.013643608649021e-14 1.1425579630278746e-14
110569497.57553673 110569502.57763267 110569500.0765847 9.702298598814337e-14 1.3869157629321435e-14
110569502.57763267 110569507.5797286 110569505.07868063 9.189388767136767e-14 1.3090062499332883e-14
110569507.5797286 110569512.58182454 110569510.08077657 7.488588166918835e-14 1.2158100091680551e-14
110569512.58182454 110569517.58392048 110569515.08287251 1.0957928750496517e-13 1.4063789981689561e-14
110569517.58392048 110569522.58601643 110569520.08496845 6.75565877807044e-14 1.1653768750810991e-14
110569522.58601643 110569527.58811237 110569525.0870644 7.476859931859583e-14 1.2138777813733595e-14
110569527.58811237 110569532.5902083 110569530.08916034 8.107637426155779e-14 1.2861278347055523e-14
110569532.5902083 110569537.59230424 110569535.09125628 7.572194726115345e-14 1.217756892560516e-14
110569537.59230424 110569542.5944002 110569540.09335223 8.891318714453182e-14 1.2691819424109118e-14
110569542.5944002 110569547.59649613 110569545.09544817 7.501243541576637e-14 1.2180079887742322e-14
110569547.59649613 110569552.59859207 110569550.0975441 7.05176839862539e-14 1.2036514661328208e-14
110569552.59859207 110569557.60068801 110569555.09964004 6.200006686797447e-14 1.2106831061609388e-14
110569557.60068801 110569562.60278395 110569560.10173598 6.583978123787824e-14 1.1801931189345121e-14
110569562.60278395 110569567.6048799 110569565.10383192 4.763186178343518e-14 1.0722145029252787e-14
110569567.6048799 110569572.60697584 110569570.10592787 7.074851555797288e-14 1.1642153231044593e-14
110569572.60697584 110569577.60907178 110569575.1080238 7.70356574275966e-14 1.2671498419585496e-14
110569577.60907178 110569582.61116771 110569580.11011975 6.160378099512452e-14 1.1219701653155783e-14
110569582.61116771 110569587.61326367 110569585.1122157 7.774741533846618e-14 1.2529115923811416e-14
110569587.61326367 110569592.6153596 110569590.11431164 7.424082389595087e-14 1.214716560411766e-14
